%YAML:1.0
---
M1: !!opencv-matrix
   rows: 3
   cols: 3
   dt: d
   data: [ 2.04472987e+04, 0., 1.10142096e+03,
           0., 2.30394776e+04, 6.12518160e+02,
           0., 0., 1. ]
M2: !!opencv-matrix
   rows: 3
   cols: 3
   dt: d
   data: [ 5.85240709e+03, 0., 9.54860505e+02,
           0., 5.77757845e+03, 4.56728487e+02,
           0., 0., 1. ]
D1: !!opencv-matrix
   rows: 5
   cols: 1
   dt: d
   data: [ -2.90197268e+01,
           1.24870237e+04,
           7.92592618e-02,
           1.70756286e-01,
           2.31797720e+01 ]
D2: !!opencv-matrix
   rows: 5
   cols: 1
   dt: d
   data: [ 1.81518069e+00,
           -1.17101779e+02,
           -5.51464607e-03,
           -2.36952126e-02,
           2.45952560e+03 ]
R1: !!opencv-matrix
   rows: 3
   cols: 3
   dt: d
   data: [ 1.51063491e-01, 3.59548902e-04, -9.88523997e-01,
           -1.81916112e-02, 9.99831599e-01, -2.41632975e-03,
           9.88356660e-01, 1.83478634e-02, 1.51044593e-01 ]
R2: !!opencv-matrix
   rows: 3
   cols: 3
   dt: d
   data: [ 0.50166117, -0.00920517, -0.86501522,
           0.0228658, 0.9997351, 0.0026221,
           0.86476195, -0.02109467, 0.50173877 ]
P1: !!opencv-matrix
   rows: 3
   cols: 4
   dt: d
   data: [ 1.70853480e+03, 0., 1.11145441e+05,
           0., 0., 1.70853480e+03,
           5.93468155e+02, 0., 0.,
           0., 1., 0. ]
P2: !!opencv-matrix
   rows: 3
   cols: 4
   dt: d
   data: [ 1.70853480e+03, 0., 2.83879263e+04, 4.03991727e+06,
           0., 1.70853480e+03, 5.93468155e+02, 0.,
           0., 0., 1., 0. ]
R: !!opencv-matrix
   rows: 3
   cols: 3
   dt: d
   data: [ 9.3005995015238852e-01, 3.8908864007983175e-02, -3.6534173774021105e-01,
           -4.0426421700557727e-02, 9.9917639712178287e-01, 3.4976097378259793e-03,
           3.6517692508630227e-01, 1.1516465703299339e-02, 9.3086689690594791e-01 ]
T: !!opencv-matrix
   rows: 3
   cols: 1
   dt: d
   data: [ 1.1862033094295634e+03, -2.1766094982942531e+01, -2.0453724053423014e+03 ]
E: !!opencv-matrix
   rows: 3
   cols: 3
   dt: d
   data: [-9.063555534e+01, 2.043437161e+03, -1.310742871e+01,
          -2.335493046e+03, -9.324398686e+01, -3.569374741e+02,
          -2.771017742e+01, 1.186073242e+03, -3.803190230e+00]

F: !!opencv-matrix
   rows: 3
   cols: 3
   dt: d
   data: [ 1.36179666e-07, -2.72482280e-06,  1.92169885e-03,
           3.55451966e-06,  1.25946612e-07,  7.11569375e-03,
           -1.50982115e-03, -6.71169066e-03,  1.00000000e+00]
Q: !!opencv-matrix
   rows: 4
   cols: 4
   dt: d
   data: [ 1., 0., 0., -1.11145441e+05,
           0., 1., 0.,-5.93468155e+02,
           0., 0., 0., 1.70853480e+03,
           0., 0., -4.22913314e-04, 3.49992549e+01 ]
SZ: !!opencv-matrix
   rows: 2
   cols: 1
   dt: d
   data: [ 1920., 1080. ]
